255 1 1 255
255 85 1 255
255 150 1 255
255 255 1 255
170 215 31 255
74 183 31 255
36 133 224 255
109 31 215 255
178 31 215 255
0 0 0 255
DIV:Obligatory Guff

255 1 1 153
255 127 51 153
255 255 1 153
83 255 31 153
36 133 224 153
109 31 215 153
146 194 240 153
191 224 242 153
219 240 251 100
119 156 32 200
DIV:Make glass and puddles

0 64 01 255
11 170 88 255
180 212 104 255
191 114 72 255
247 192 229 255

215 31 31 255
42 87 130 255
19 44 95 255
110 149 184 255
193 215 232 255
DIV:Special like you

142 7 7 255
137 153 162 255
45 41 35 255
60 55 47 255
80 75 63 255
109 99 78 255
125 117 101 255
225 195 55 255
222 204 143 255
234 211 131 255
DIV:More special than you

119 156 32 255
94 118 37 255
28 132 50 255
53 36 14 255
87 59 23 255
92 63 25 255
118 81 32 255
142 97 38 255
186 148 74 255
228 208 152 255
DIV:Outdoors are lovely

255 255 255 255
229 229 229 255
204 204 204 255
179 179 179 255
153 153 153 255
128 128 128 255
102 102 102 255
77 77 77 255
51 51 51 255
26 26 26 255
DIV:Antichrome

0 0 0 0
100 100 100 153
255 255 255 153
255 255 255 77
DIV:Even more trans
